





221 217 216 215 214 213 212 211 207 206 198 197 196 192 188 186 183 182 178 172 171 170 166 164 163 162 160 159 157 156 152 151 147 146 145 144 143 141 135 134 133 131 126 125 122 120 116 113 110 109 108 107 106 105 101 100 98 97 96 95 93 91 89 88 86 84 81 79 78 76 75 74 70 69 68 67 66 64 63 60 59 58 55 54 53 49 45 41 38 36 32 30 26 25 20 14 6 
201 200 198 196 194 191 190 189 188 172 166 155 152 151 141 140 138 137 128 122 120 116 115 114 106 105 104 99 95 94 92 90 88 86 85 83 81 80 76 75 74 70 69 64 60 55 49 47 42 41 40 32 14 6 
194 193 186 184 178 171 166 162 161 160 158 157 153 151 150 145 144 143 142 140 139 137 134 128 127 122 121 120 116 109 108 107 106 104 102 101 100 98 97 96 94 91 87 86 85 84 82 81 79 78 77 75 63 59 58 56 54 50 48 45 38 30 28 26 23 22 21 20 18 
223 219 218 217 216 211 210 208 207 205 204 201 200 199 197 195 193 188 186 184 183 182 177 176 175 173 170 169 168 165 164 163 161 158 155 153 152 151 146 145 144 143 140 137 134 133 131 130 129 128 127 126 125 123 122 119 117 116 113 111 102 97 96 92 88 86 85 84 80 79 77 75 68 67 66 60 59 57 56 54 35 28 26 25 20 
193 191 186 184 178 172 171 170 166 162 161 160 158 157 155 151 150 149 148 142 141 140 139 138 135 133 126 122 121 115 109 108 107 102 101 100 99 98 96 94 91 89 88 85 83 82 79 78 76 75 64 63 60 59 58 56 54 53 47 46 45 40 38 32 30 28 26 25 24 22 21 6 
203 202 201 199 198 197 195 193 192 189 188 187 186 184 183 182 172 170 169 167 164 163 161 160 159 158 157 155 154 153 149 148 143 141 140 139 138 136 132 128 127 126 124 123 122 121 112 109 107 106 105 104 103 102 101 100 97 96 92 91 90 89 85 84 81 78 76 70 69 68 67 66 60 59 58 57 55 54 51 50 49 48 47 41 39 32 30 27 26 23 20 14 6 
197 196 192 191 190 187 185 183 182 180 178 177 176 175 174 171 167 166 163 162 159 156 155 154 152 151 150 148 143 140 138 136 135 131 130 129 126 123 122 119 116 115 109 106 105 104 100 99 98 97 96 93 91 90 89 85 84 80 77 75 74 68 64 59 58 56 52 50 48 44 40 39 38 35 30 29 28 23 21 20 

192 190 189 188 186 184 183 182 181 172 170 169 168 167 166 165 164 163 161 160 159 158 157 156 155 153 152 150 144 142 140 139 138 133 128 127 126 124 123 121 113 105 104 102 101 95 94 93 90 84 83 82 81 80 79 78 76 75 70 69 68 67 60 58 55 54 52 51 50 49 48 41 39 32 30 29 26 25 24 22 18 14 6 
196 195 194 193 192 191 190 189 188 185 183 182 180 178 175 173 171 169 168 165 163 162 161 158 156 155 154 149 147 146 142 140 139 138 137 135 133 132 130 127 126 125 124 123 120 118 117 116 114 113 111 109 107 106 104 103 102 97 96 95 93 91 89 87 85 84 83 82 81 80 77 75 73 68 66 63 59 58 57 56 54 52 50 48 47 44 35 30 28 26 24 22 20 18 
195 194 192 187 186 183 182 178 177 169 167 166 164 163 162 161 160 159 158 157 156 154 153 152 151 149 148 145 144 143 142 141 140 139 138 136 135 134 130 128 127 126 125 124 123 121 115 114 113 112 108 106 104 103 102 101 99 98 97 96 94 93 92 91 85 83 82 80 76 75 74 70 69 68 64 63 60 58 57 55 52 51 49 45 41 40 39 38 30 27 24 22 18 14 
191 190 189 186 177 175 174 171 169 167 166 162 160 159 157 155 154 153 150 144 141 140 138 137 134 132 130 127 126 124 123 120 116 113 111 110 109 105 102 101 99 98 97 96 95 93 88 86 85 83 81 80 79 73 70 69 67 63 61 59 58 57 56 55 54 49 46 41 40 39 38 36 32 30 29 28 27 26 23 21 18 14 12 6 
190 188 187 186 185 184 181 180 178 174 172 171 168 166 165 164 162 159 158 155 151 148 146 143 142 141 137 134 133 130 129 128 127 126 125 124 121 119 115 114 113 112 110 108 105 103 100 99 98 97 94 93 87 86 85 84 83 82 81 77 76 75 67 63 62 60 59 58 54 52 51 47 46 44 38 36 35 32 30 29 26 25 24 22 6 
188 187 185 184 181 180 178 177 173 170 166 164 155 152 150 149 146 139 138 137 136 135 131 130 126 125 124 123 120 118 117 116 113 111 109 108 107 106 104 102 99 97 94 93 92 85 84 83 81 80 76 75 73 70 69 67 66 64 63 62 60 59 58 57 55 52 51 49 47 46 45 44 41 38 35 32 30 27 25 23 21 14 6 
187 186 181 175 173 172 168 167 166 162 160 157 156 154 146 144 143 140 135 134 132 129 128 127 124 121 119 118 117 116 115 112 108 105 104 103 102 101 100 99 96 95 92 88 87 86 85 84 83 77 76 75 74 70 69 67 64 61 58 56 55 51 49 45 42 41 40 39 38 35 32 30 29 28 25 23 20 14 6 
189 188 186 185 184 183 180 179 177 175 173 170 168 167 166 163 162 160 157 154 151 150 149 147 146 145 140 137 135 133 131 128 122 119 118 117 116 115 114 112 111 109 108 107 106 101 100 99 94 93 92 90 89 87 86 84 83 82 80 76 73 72 66 63 62 61 57 56 53 52 50 48 45 42 41 38 28 27 25 23 22 21 
168 166 164 163 162 161 157 156 155 154 152 149 147 143 139 137 133 130 128 127 125 124 123 122 118 117 114 113 111 110 108 107 106 99 98 96 92 90 86 85 83 79 76 74 73 67 65 58 55 54 52 49 47 46 44 41 40 36 35 30 28 26 24 23 21 18 16 15 14 12 
166 165 164 161 159 158 156 154 150 148 146 145 144 141 140 138 137 136 135 134 132 130 129 127 126 123 120 118 114 109 105 101 100 99 98 96 95 94 89 88 87 85 84 80 78 75 74 73 71 70 69 68 67 65 53 52 49 47 45 44 40 39 38 35 32 30 29 27 21 20 17 16 14 6 
162 160 157 156 153 152 151 144 143 140 137 135 133 132 129 127 126 124 123 120 119 117 116 114 113 111 109 108 105 104 103 102 101 98 97 96 95 91 90 89 87 85 84 83 76 73 72 71 70 69 67 65 64 63 60 59 57 56 55 54 51 50 49 32 29 28 27 25 24 23 20 18 15 14 12 11 9 6 
154 153 150 149 148 146 144 143 141 140 138 137 136 135 133 132 131 129 127 126 124 123 122 119 118 114 109 108 106 103 102 99 98 96 94 93 89 87 85 81 79 78 77 73 71 70 69 65 64 63 61 59 58 57 56 55 54 53 52 51 49 47 46 45 41 40 39 38 37 35 27 26 25 23 21 20 18 15 12 9 
161 160 159 158 156 155 154 152 151 150 148 147 146 144 141 139 138 134 133 130 128 124 122 121 120 119 116 114 112 111 110 109 106 102 99 97 96 95 94 91 89 87 83 82 79 78 75 74 73 71 70 68 65 64 63 61 59 56 55 51 49 48 47 46 44 39 38 34 33 32 31 30 28 27 26 25 24 21 19 18 17 15 11 9 4 
160 157 156 154 152 151 145 144 141 140 135 132 130 126 125 124 121 120 119 117 112 111 108 107 106 105 103 100 98 97 93 89 88 85 83 80 77 73 69 68 66 60 58 57 53 52 49 45 44 43 42 40 39 38 36 34 32 31 28 26 23 20 19 17 16 11 9 4 
159 157 154 151 149 147 146 145 143 139 138 137 133 127 126 123 120 117 115 111 109 105 104 103 100 95 94 91 89 85 83 81 80 78 77 75 74 72 71 68 66 65 64 63 59 56 54 52 48 45 44 42 41 40 39 38 36 34 33 31 27 26 24 23 22 19 15 14 12 6 4 



158 157 156 152 151 150 149 140 138 137 136 132 128 126 125 124 123 119 114 112 111 110 109 107 105 104 103 100 96 94 92 91 90 88 87 84 83 82 81 80 77 76 70 69 67 65 63 62 60 57 55 50 49 48 47 46 45 42 41 33 31 30 29 27 25 24 21 19 18 16 14 9 8 6 4 
157 156 155 154 145 142 140 139 138 137 136 134 133 129 128 126 124 120 118 117 115 114 113 110 109 108 107 106 105 103 102 99 97 91 90 88 83 81 80 78 76 72 71 70 67 66 56 55 54 53 50 48 45 44 43 41 39 31 24 23 20 19 16 11 9 8 6 4 



















